   lambda (micron)   Lnu (Lsun/Hz)  sigma Lnu (Lsun/Hz)
      2.460e-01      1.845e-07      2.768e-08
      2.980e-01      5.870e-07      8.806e-08
      3.320e-01      1.053e-06      1.580e-07
      3.600e-01      1.731e-06      9.720e-08
      3.652e-01      1.302e-06      2.599e-07
      4.250e-01      4.624e-06      6.936e-07
      4.400e-01      5.004e-06      2.879e-07
      4.448e-01      4.032e-06      2.815e-07
      5.500e-01      8.818e-06      5.619e-07
      5.505e-01      7.939e-06      7.340e-07
      6.586e-01      1.157e-05      1.230e-06
      8.060e-01      1.558e-05      2.162e-06
      1.241e+00      3.197e-05      1.598e-06
      1.250e+00      3.010e-05      1.505e-06
      1.650e+00      3.954e-05      1.977e-06
      1.651e+00      4.110e-05      2.055e-06
      2.166e+00      3.816e-05      1.908e-06
      2.170e+00      3.724e-05      1.862e-06
      5.802e+00      4.917e-05      2.563e-06
      5.862e+00      4.980e-05      2.580e-06
      5.921e+00      5.711e-05      2.855e-06
      5.980e+00      7.484e-05      3.742e-06
      6.039e+00      9.659e-05      4.829e-06
      6.098e+00      1.281e-04      6.406e-06
      6.157e+00      2.118e-04      1.059e-05
      6.216e+00      2.923e-04      1.462e-05
      6.274e+00      2.883e-04      1.442e-05
      6.332e+00      2.385e-04      1.192e-05
      6.391e+00      1.823e-04      9.117e-06
      6.449e+00      1.458e-04      7.290e-06
      6.506e+00      1.204e-04      6.018e-06
      6.564e+00      1.141e-04      5.703e-06
      6.621e+00      1.143e-04      5.714e-06
      6.679e+00      1.175e-04      5.875e-06
      6.736e+00      1.179e-04      5.896e-06
      6.793e+00      1.208e-04      6.041e-06
      6.850e+00      1.296e-04      6.480e-06
      6.905e+00      1.497e-04      7.483e-06
      6.962e+00      1.666e-04      8.331e-06
      7.018e+00      1.706e-04      8.529e-06
      7.074e+00      1.672e-04      8.358e-06
      7.130e+00      1.618e-04      8.088e-06
      7.186e+00      1.698e-04      8.488e-06
      7.242e+00      1.835e-04      9.173e-06
      7.297e+00      2.138e-04      1.069e-05
      7.352e+00      2.655e-04      1.328e-05
      7.408e+00      3.247e-04      1.623e-05
      7.463e+00      3.761e-04      1.881e-05
      7.518e+00      4.691e-04      2.346e-05
      7.572e+00      5.253e-04      2.626e-05
      7.627e+00      5.489e-04      2.744e-05
      7.681e+00      5.558e-04      2.779e-05
      7.735e+00      5.489e-04      2.744e-05
      7.789e+00      5.299e-04      2.649e-05
      7.843e+00      5.006e-04      2.503e-05
      7.897e+00      4.619e-04      2.309e-05
      7.950e+00      4.041e-04      2.021e-05
      8.004e+00      3.552e-04      1.776e-05
      8.057e+00      3.212e-04      1.606e-05
      8.110e+00      2.881e-04      1.441e-05
      8.162e+00      2.687e-04      1.344e-05
      8.215e+00      2.586e-04      1.293e-05
      8.267e+00      2.585e-04      1.292e-05
      8.320e+00      2.602e-04      1.301e-05
      8.372e+00      2.672e-04      1.336e-05
      8.424e+00      2.787e-04      1.394e-05
      8.476e+00      2.964e-04      1.482e-05
      8.527e+00      3.106e-04      1.553e-05
      8.579e+00      3.121e-04      1.560e-05
      8.630e+00      2.945e-04      1.473e-05
      8.682e+00      2.738e-04      1.369e-05
      8.733e+00      2.358e-04      1.179e-05
      8.784e+00      1.903e-04      9.516e-06
      8.835e+00      1.621e-04      8.103e-06
      8.885e+00      1.424e-04      7.122e-06
      8.936e+00      1.249e-04      6.244e-06
      8.986e+00      1.111e-04      5.554e-06
      9.036e+00      1.031e-04      5.154e-06
      9.086e+00      9.480e-05      4.740e-06
      9.136e+00      8.890e-05      4.445e-06
      9.185e+00      8.276e-05      4.138e-06
      9.543e+00      7.919e-05      3.960e-06
      9.652e+00      7.736e-05      3.868e-06
      9.761e+00      7.156e-05      3.578e-06
      9.870e+00      6.745e-05      3.373e-06
      9.978e+00      6.656e-05      3.340e-06
      1.008e+01      6.751e-05      3.497e-06
      1.019e+01      6.971e-05      3.588e-06
      1.030e+01      7.887e-05      4.029e-06
      1.041e+01      8.884e-05      4.442e-06
      1.051e+01      1.007e-04      5.034e-06
      1.062e+01      1.120e-04      5.602e-06
      1.073e+01      1.173e-04      5.866e-06
      1.083e+01      1.298e-04      6.492e-06
      1.094e+01      1.562e-04      7.808e-06
      1.105e+01      2.142e-04      1.071e-05
      1.115e+01      3.524e-04      1.762e-05
      1.126e+01      4.652e-04      2.326e-05
      1.136e+01      4.464e-04      2.232e-05
      1.147e+01      3.881e-04      1.941e-05
      1.157e+01      3.145e-04      1.572e-05
      1.168e+01      2.669e-04      1.334e-05
      1.178e+01      2.658e-04      1.329e-05
      1.188e+01      2.794e-04      1.397e-05
      1.199e+01      2.931e-04      1.466e-05
      1.209e+01      2.981e-04      1.491e-05
      1.220e+01      3.083e-04      1.542e-05
      1.230e+01      3.319e-04      1.660e-05
      1.240e+01      3.564e-04      1.782e-05
      1.250e+01      3.968e-04      1.984e-05
      1.261e+01      4.688e-04      2.344e-05
      1.271e+01      5.664e-04      2.832e-05
      1.281e+01      5.710e-04      2.855e-05
      1.291e+01      4.833e-04      2.417e-05
      1.301e+01      3.926e-04      1.963e-05
      1.311e+01      3.327e-04      1.664e-05
      1.322e+01      3.050e-04      1.525e-05
      1.332e+01      3.067e-04      1.533e-05
      1.342e+01      3.096e-04      1.548e-05
      1.352e+01      3.129e-04      1.564e-05
      1.362e+01      3.098e-04      1.549e-05
      1.372e+01      3.013e-04      1.507e-05
      1.382e+01      2.997e-04      1.498e-05
      1.392e+01      3.043e-04      1.521e-05
      1.401e+01      3.107e-04      1.554e-05
      1.411e+01      3.196e-04      1.598e-05
      1.421e+01      3.265e-04      1.632e-05
      1.431e+01      3.286e-04      1.643e-05
      1.441e+01      3.233e-04      1.616e-05
      1.451e+01      3.173e-04      1.587e-05
      1.460e+01      3.140e-04      1.570e-05
      1.470e+01      3.184e-04      1.592e-05
      1.480e+01      3.190e-04      1.595e-05
      1.490e+01      3.223e-04      1.612e-05
      1.499e+01      3.243e-04      1.621e-05
      1.509e+01      3.286e-04      1.643e-05
      1.518e+01      3.339e-04      1.670e-05
      1.528e+01      3.449e-04      1.724e-05
      1.538e+01      3.686e-04      1.843e-05
      1.547e+01      3.977e-04      1.989e-05
      1.557e+01      4.083e-04      2.041e-05
      1.566e+01      4.096e-04      2.048e-05
      1.576e+01      3.922e-04      1.961e-05
      1.585e+01      3.769e-04      1.885e-05
      1.595e+01      3.795e-04      1.898e-05
      1.604e+01      3.846e-04      1.923e-05
      1.613e+01      3.935e-04      1.968e-05
      1.623e+01      4.176e-04      2.088e-05
      1.632e+01      4.331e-04      2.450e-05
      2.434e+01      9.111e-04      4.555e-05
      2.500e+01      1.169e-03      5.844e-05
      4.100e+01      2.563e-03      2.092e-04
      5.800e+01      4.372e-03      2.186e-04
      6.000e+01      5.373e-03      2.686e-04
      6.222e+01      4.992e-03      2.496e-04
      7.800e+01      5.147e-03      2.574e-04
      1.000e+02      5.578e-03      2.789e-04
      1.022e+02      4.934e-03      2.960e-04
      1.410e+02      2.584e-03      1.292e-04
      4.500e+02      1.846e-04      6.334e-05
      8.000e+02      2.010e-05      2.871e-06
      3.259e+03      2.420e-06      3.691e-07
      3.300e+03      2.666e-06      3.281e-07
      9.369e+03      4.305e-06      2.461e-07
      1.224e+04      5.022e-06      2.511e-07
      2.012e+04      7.301e-06      3.650e-07
      2.039e+04      7.554e-06      3.777e-07
      2.802e+04      9.390e-06      4.695e-07
      5.996e+04      1.650e-05      8.251e-07
